cut <- c(0.05,0.1,0.15,0.2)
sens <- c(100,90.1,74.1,63)
spec <- c(5.2,30.1,52.7,71.6)
PPV <- c(19.7,23,26.7,34)
NPV <- c(100,92.9,89.8,89.3)